00021
00033
00036
00037
00279
00286
00288
00503
00578
01022
01030
01034
01038
01053
01185
01191
01193
01194
01201
01202
01203
01205
01207
01214
01317
01606
01668
01672
01682
05117
05119
05120
05147
05150
05195
05324
05330
05333
05452
05454
05472
05657
05698
05702
05703
05845
05970
05987
05988
05989
06020
06031
06042
06130
06198
06207
06266
06282
06283
06286
06415
06449
06457
06553
06884
06899
06904
06908
06976
07071
07095
07096
07098
07103
07118
07123
07132
07133
07222
07228
07231
07264
07278
07282
07291
07298
07301
07395
07410
07697
08309
08312
08325
08455
08627
08683
08710
08835
08839
08842
08845
09364
09374
09398
09420
09422
09452
09453
09472
09515
09518
09615
09620
09622
09637
09639
09640
09647
09690
09692
09862
10664
